=== Run information ===

Evaluator:    weka.attributeSelection.CorrelationAttributeEval 
Search:       weka.attributeSelection.Ranker -T -1.7976931348623157E308 -N 5
Relation:     optraining
Instances:    100
Attributes:   65
              1
              2
              3
              4
              5
              6
              7
              8
              9
              10
              11
              12
              13
              14
              15
              16
              17
              18
              19
              20
              21
              22
              23
              24
              25
              26
              27
              28
              29
              30
              31
              32
              33
              34
              35
              36
              37
              38
              39
              40
              41
              42
              43
              44
              45
              46
              47
              48
              49
              50
              51
              52
              53
              54
              55
              56
              57
              58
              59
              60
              61
              62
              63
              64
              class
Evaluation mode:    10-fold cross-validation



=== Attribute selection 10 fold cross-validation (stratified), seed: 1 ===

average merit      average rank  attribute
 0.266 +- 0.006       1.3 +- 0.46     19 19
 0.261 +- 0.005       1.9 +- 0.7      45 45
 0.253 +- 0.006       3.9 +- 1.76     47 47
 0.248 +- 0.005       5.7 +- 2.57     59 59
 0.247 +- 0.006       6.1 +- 3.14      4 4
 0.244 +- 0.006       8.4 +- 4.52     11 11
 0.242 +- 0.006       8.9 +- 3.05     51 51
 0.243 +- 0.005       9.4 +- 3.47     31 31
 0.241 +- 0.006       9.6 +- 3.85     54 54
 0.241 +- 0.006      10.2 +- 3.37     62 62
 0.238 +- 0.007      11.7 +- 4.75     20 20
 0.238 +- 0.006      12.6 +- 4.25      3 3
 0.237 +- 0.008      13.2 +- 4.87     60 60
 0.236 +- 0.006      13.4 +- 2.76     52 52
 0.235 +- 0.003      14.1 +- 3.56     29 29
 0.234 +- 0.003      15.3 +- 3        53 53
 0.233 +- 0.007      15.4 +- 4.54     27 27
 0.231 +- 0.007      16.9 +- 4.59     43 43
 0.231 +- 0.004      18.2 +- 3.79     28 28
 0.228 +- 0.008      19.2 +- 3.94     21 21
 0.228 +- 0.004      19.6 +- 1.91     63 63
 0.224 +- 0.005      21.5 +- 2.84     46 46
 0.219 +- 0.005      23.3 +- 2.45     18 18
 0.214 +- 0.007      25.3 +- 2.41     37 37
 0.213 +- 0.011      26   +- 5.16     30 30
 0.213 +- 0.007      26.1 +- 2.95     15 15
 0.21  +- 0.004      27.1 +- 2.02     44 44
 0.206 +- 0.009      30.1 +- 4.83     34 34
 0.206 +- 0.007      30.2 +- 2.52      6 6
 0.204 +- 0.006      30.4 +- 3.56     35 35
 0.203 +- 0.005      30.9 +- 3.3      23 23
 0.203 +- 0.011      31.2 +- 5.4      39 39
 0.202 +- 0.006      32.2 +- 3.19     14 14
 0.201 +- 0.004      32.5 +- 2.66     55 55
 0.198 +- 0.008      34.1 +- 3.42     10 10
 0.195 +- 0.009      35   +- 3.87     61 61
 0.193 +- 0.006      36.5 +- 2.8      26 26
 0.191 +- 0.004      37.3 +- 2.76     36 36
 0.185 +- 0.011      38   +- 4.58     38 38
 0.184 +- 0.009      39.5 +- 2.25      5 5
 0.183 +- 0.008      39.7 +- 2.19     13 13
 0.173 +- 0.007      42.2 +- 1.25      7 7
 0.169 +- 0.006      42.9 +- 0.83     42 42
 0.165 +- 0.011      43.1 +- 1.7      22 22
 0.147 +- 0.004      45   +- 0.45     64 64
 0.127 +- 0.011      46.9 +- 1.87     12 12
 0.117 +- 0.005      48   +- 0.77     56 56
 0.116 +- 0.006      48.3 +- 1.49      2 2
 0.115 +- 0.006      48.6 +- 1.74     16 16
 0.113 +- 0.007      49.3 +- 1.35     58 58
 0.106 +- 0.007      49.9 +- 1.45     50 50
 0.084 +- 0.007      51.9 +- 0.3       8 8
 0.059 +- 0.02       53.8 +- 2.4      24 24
 0.056 +- 0.019      54.2 +- 0.98     48 48
 0     +- 0          54.8 +- 0.4       9 9
 0     +- 0          55.8 +- 0.4      32 32
 0     +- 0          56.8 +- 0.4      17 17
 0     +- 0          58.8 +- 1.66     25 25
 0     +- 0          58.8 +- 0.4      57 57
 0     +- 0          59.8 +- 0.4      49 49
 0     +- 0          60.5 +- 1.2      41 41
 0     +- 0          61.8 +- 0.6      40 40
 0     +- 0          62.9 +- 0.3      33 33
 0     +- 0          64   +- 0         1 1

